<?xml version="1.0"?>
<opencv_storage>
<calibration_Time>"Mon Nov 26 15:23:57 2018"</calibration_Time>
<nrOfFrames>25</nrOfFrames>
<image_Width>640</image_Width>
<image_Height>480</image_Height>
<board_Width>9</board_Width>
<board_Height>6</board_Height>
<square_Size>23.</square_Size>
<FixAspectRatio>1.</FixAspectRatio>
<!-- flags:  +fix_aspectRatio +fix_principal_point +zero_tangent_dist -->
<flagValue>14</flagValue>
<Camera_Matrix type_id="opencv-matrix">
  <rows>3</rows>
  <cols>3</cols>
  <dt>d</dt>
  <data>
    6.0208213674812293e+02 0. 320. 0. 6.0208213674812293e+02 240. 0. 0.
    1.</data></Camera_Matrix>
<Distortion_Coefficients type_id="opencv-matrix">
  <rows>5</rows>
  <cols>1</cols>
  <dt>d</dt>
  <data>
    -2.7811992969353713e-02 -1.4201437634575770e-01 0. 0.
    2.5877338510852765e-01</data></Distortion_Coefficients>
<Avg_Reprojection_Error>1.9244062282577643e+00</Avg_Reprojection_Error>
<Per_View_Reprojection_Errors type_id="opencv-matrix">
  <rows>25</rows>
  <cols>1</cols>
  <dt>f</dt>
  <data>
    3.22726071e-01 2.87113190e-01 5.28454661e-01 2.90990412e-01
    2.72218645e-01 3.90180856e-01 4.48227882e-01 2.62565613e+00
    5.16172600e+00 3.27898204e-01 3.29783350e-01 3.49475205e-01
    3.57682586e-01 2.76335448e-01 1.60815358e-01 1.97463405e+00
    3.62849021e+00 3.84202719e-01 4.90230232e-01 3.60520691e-01
    3.31398994e-01 3.50617886e+00 5.81205308e-01 3.14114451e+00
    4.16039801e+00</data></Per_View_Reprojection_Errors>
<!-- a set of 6-tuples (rotation vector + translation vector) for each view -->
<Extrinsic_Parameters type_id="opencv-matrix">
  <rows>25</rows>
  <cols>6</cols>
  <dt>d</dt>
  <data>
    3.3790205236010555e-02 -8.0072183357324148e-02
    4.1776546490957425e-02 -1.2977029988407742e+02
    8.0399999492095837e+00 5.6749824445255160e+02
    -2.0006140886761850e-02 -1.0094774326847815e-01
    3.5890424503897282e-02 -1.3224386115626572e+02
    1.3449622514265021e+01 5.7826075267762928e+02
    -1.7864524121914287e-02 -2.0638299356747511e-01
    -1.3035211172130736e-02 -2.6019543291615486e+02
    -9.5961622136245808e+01 5.5773204791511682e+02
    -2.2021468588245594e-02 -2.7573498846754479e-01
    3.0968612934821785e-02 -1.2150682249828550e+02
    -1.4914745729941970e+02 5.8035721141995623e+02
    3.9288451412455233e-01 -2.7488540422224611e-01
    3.1637055730147946e-02 -1.6670315440889971e+02
    -1.2798241863620096e+02 4.6644129462991566e+02
    5.4594735652319382e-01 -1.8202324676133627e-01
    5.5619561962203169e-02 -1.6394456040122532e+02
    -5.6924840848592318e+01 4.2578827557807068e+02
    2.7245604183794214e-01 -3.4902923505148381e-01
    8.4044041917657811e-02 -5.1625734536173979e+01
    -1.7457696788480387e+01 4.9996781640528758e+02
    1.6834059453559905e-01 -7.2249307389420070e-01
    1.0236129239220602e-01 2.1987382795892266e+01
    -1.5117353077860534e+01 5.1698896863081745e+02
    2.0831749139308717e-01 -8.1496765732442844e-01
    1.2682800301488228e-01 9.2676669128831236e+01
    -2.1709574736227367e+01 5.7323936405568963e+02
    2.5376125046573966e-01 -3.5282960549914605e-01
    1.0316703176597876e-01 1.0396741677353360e+02
    -5.2296170916013587e+01 5.9364837577554033e+02
    1.6886714805860001e-01 6.1634753359706018e-01 5.8166441886636562e-02
    5.1746222010775796e+01 -5.1266179888974115e+01
    5.8805936212078518e+02 2.0747391519447719e-01 4.8963115361411352e-01
    1.3500562076614619e-03 2.4186486092927087e+01
    -1.7617717298446777e+02 5.8302829585451457e+02
    2.6909098079681260e-01 -1.3028114232213131e-02
    3.8197126099054533e-02 -4.3443114211081586e+01
    -1.9234260372636109e+02 5.6284985313148468e+02
    6.1102759868658507e-01 -3.7302515292748493e-02
    9.9478240784191735e-02 -6.4777066653718878e+00
    -1.1013566539865534e+01 4.4085596642884587e+02
    -7.7817783730422169e-02 -8.9803110503275899e-02
    1.8237644672308462e-01 -7.8517559159646495e+01
    6.4216406783863647e+01 5.7793951643282617e+02
    -7.7276151515987004e-02 3.3581290111819084e-01
    2.0213233386975718e-01 -2.1364928902153571e+02
    3.8377015884875242e+01 5.8247267099819442e+02
    -1.2082122906481460e-01 6.4527722204462790e-01
    1.8125760233049126e-01 -2.4532444976306803e+02
    -1.0303498165663477e+02 6.6540165629821172e+02
    1.5359502318591242e-01 -4.7952032790232434e-02
    -2.7139900514850410e-02 -2.3192872023935919e+02
    -1.4114409182648245e+02 5.9656077865101679e+02
    6.3756849492996459e-01 -1.1310059303235649e-01
    5.6631135581218316e-02 -1.0763267370538182e+02
    -4.6580400695447466e+00 4.4129223007443301e+02
    1.3477225772779003e-01 -2.2132901364311094e-01
    2.5323958549615104e-02 -8.9623700620116580e+01
    -2.1183216524216700e+01 5.4324363853494708e+02
    -4.7500801196258036e-01 -2.0560225433586737e-01
    -1.9968618999926793e-01 -1.7843995393978670e+02
    -8.7426416710253054e+00 6.8764887221687593e+02
    -8.2409669966717558e-01 -2.2463417833503072e-01
    -2.0784988151076325e-01 -1.9603809193516645e+02
    -3.6547153969416264e+01 7.2740155419784367e+02
    -4.8635268311836327e-01 -5.0791103250314151e-01
    -2.9146845281839462e-01 -1.5316644149545075e+02
    -3.5430236627281140e+01 6.5984228540678612e+02
    -1.4709189767351649e-01 -7.0922451262505659e-01
    -1.8518818861809855e-01 -1.5528047901317159e+01
    -1.4204499210795024e+01 6.2219777345700857e+02
    -2.4788783923332607e-02 -7.4235838167484502e-01
    -1.1278939573620451e-01 1.8254833811685277e+01
    -2.9235426234814966e+01 6.1234772064993138e+02</data></Extrinsic_Parameters>
